Métodos de Ordenação |  Arquivo Ordenado                                               |  Arquivo Ordem Reversa                                          |  Arquivo Randômico                                             |
___________________________________________________________________________________________________________________________________________________________________________________________________________________________
                     |  *CompProg  |  #CompEqua  |  +Mov Prog  |  -Mov Equa  |  ?Tempo |  *CompProg  |  #CompEqua  |  +Mov Prog  |  -Mov Equa  |  ?Tempo |  *CompProg  |  #CompEqua  |  +Mov Prog  |  -Mov Equa  |  ?Tempo |
___________________________________________________________________________________________________________________________________________________________________________________________________________________________
Inserção Direta      |  511        |  511        |  0          |  1533       |  9985   |  129513     |  65407      |  258006     |  131325     |  1802215|  64363      |  65663      |  127704     |  66685      |  942648 |
___________________________________________________________________________________________________________________________________________________________________________________________________________________________
Inserção Binária     |  7070       |  2938       |  1022       |  1533       |  48720  |  6568       |  2931       |  1020       |  131325     |  1706089|  6038       |  2938       |  1022       |  66685      |  810415 |
___________________________________________________________________________________________________________________________________________________________________________________________________________________________
Seleção Direta       |  130816     |  130816     |  0          |  1533       |  966689 |  130305     |  130305     |  25142      |  66810      |  855576 |  130816     |  511        |  3944       |  3489       |  882970 |
___________________________________________________________________________________________________________________________________________________________________________________________________________________________
Bubble               |  130816     |  130816     |  0          |  0          |  1941280|  130305     |  130305     |  258006     |  195457     |  6517959|  130816     |  130816     |  127704     |  392448     |  4209985|
___________________________________________________________________________________________________________________________________________________________________________________________________________________________
Shake                |  130816     |  130816     |  0          |  0          |  1753170|  130305     |  130305     |  258006     |  195457     |  41678829|  130816     |  130816     |  127704     |  392448     |  4655332|
___________________________________________________________________________________________________________________________________________________________________________________________________________________________
Shell                |  1529       |  0          |  0          |  0          |  18179  |  33796      |  0          |  64544      |  0          |  1182221|  19991      |  0          |  36928      |  0          |  2588387|
___________________________________________________________________________________________________________________________________________________________________________________________________________________________
Heap                 |  131072     |  0          |  7850       |  0          |  1682682|  130560     |  0          |  7392       |  0          |  1670551|  131072     |  0          |  8178       |  0          |  4008853|
___________________________________________________________________________________________________________________________________________________________________________________________________________________________
Quick s/ pivô        |  131327     |  0          |  0          |  0          |  787575 |  131067     |  0          |  0          |  0          |  2056396|  17142      |  0          |  0          |  0          |  128727 |
___________________________________________________________________________________________________________________________________________________________________________________________________________________________
Quick c/ pivô        |  5238       |  0          |  1702       |  0          |  64642  |  5245       |  0          |  2208       |  0          |  71309  |  5658       |  0          |  3114       |  0          |  102841 |
___________________________________________________________________________________________________________________________________________________________________________________________________________________________
Merge Sort 1ºImp     |  4094       |  0          |  0          |  0          |  161946 |  4090       |  0          |  0          |  0          |  139323 |  3965       |  0          |  0          |  0          |  135555 |
___________________________________________________________________________________________________________________________________________________________________________________________________________________________
Merge Sort 2ºImp     |  2633       |  0          |  0          |  0          |  130771 |  2800       |  0          |  0          |  0          |  133082 |  3944       |  0          |  0          |  0          |  136756 |
___________________________________________________________________________________________________________________________________________________________________________________________________________________________
Counting             |  512        |  0          |  0          |  0          |  12179  |  512        |  0          |  0          |  0          |  12132  |  512        |  0          |  0          |  0          |  12163  |
___________________________________________________________________________________________________________________________________________________________________________________________________________________________
Bucket               |  0          |  0          |  0          |  0          |  22498  |  0          |  0          |  0          |  0          |  572592 |  0          |  0          |  0          |  0          |  322380 |
___________________________________________________________________________________________________________________________________________________________________________________________________________________________
Radix                |  512        |  0          |  0          |  0          |  35770  |  512        |  0          |  0          |  0          |  33570  |  512        |  0          |  0          |  0          |  34210  |
___________________________________________________________________________________________________________________________________________________________________________________________________________________________
Comb                 |  8577       |  0          |  0          |  0          |  117071 |  8577       |  0          |  1174       |  0          |  125417 |  8577       |  0          |  2964       |  0          |  150485 |
___________________________________________________________________________________________________________________________________________________________________________________________________________________________
Gnome                |  511        |  0          |  0          |  0          |  6970   |  258420     |  0          |  258006     |  0          |  6676227|  128208     |  0          |  127704     |  0          |  3578425|
___________________________________________________________________________________________________________________________________________________________________________________________________________________________
Tim                  |  1404       |  0          |  0          |  0          |  137433 |  119892     |  0          |  0          |  0          |  2042282|  32364      |  0          |  0          |  0          |  1009629|
___________________________________________________________________________________________________________________________________________________________________________________________________________________________
